Algorithm: Cutting Plane
============================================================

Initial Tableau (Big-M applied)
Basis	x1	x2	s1	s2	RHS
z	-8,000	-5,000	0,000	0,000	0,000	
s1	1,000	1,000	1,000	0,000	6,000	
s2	9,000	5,000	0,000	1,000	45,000	

------------------------------------------------------------
Iteration 1: pivot on column "x1", row 2
Basis	x1	x2	s1	s2	RHS
z	0,000	-0,556	0,000	0,889	40,000	
s1	0,000	0,444	1,000	-0,111	1,000	
x1	1,000	0,556	0,000	0,111	5,000	

------------------------------------------------------------
Optimal Tableau
Basis	x1	x2	s1	s2	RHS
z	0,000	0,000	1,250	0,750	41,250	
x2	0,000	1,000	2,250	-0,250	2,250	
x1	1,000	0,000	-1,250	0,250	3,750	

------------------------------------------------------------
Gomory Cut 1 added
Basis	x1	x2	s1	s2	g1	RHS
z	0,000	0,000	1,250	0,750	0,000	41,250	
x2	0,000	1,000	2,250	-0,250	0,000	2,250	
x1	1,000	0,000	-1,250	0,250	0,000	3,750	
g1	0,000	0,000	-0,250	-0,750	1,000	-0,250	

------------------------------------------------------------
Optimal Tableau (after cut)
Basis	x1	x2	s1	s2	g1	RHS
z	0,000	0,000	1,000	0,000	1,000	41,000	
x2	0,000	1,000	2,333	0,000	-0,333	2,333	
x1	1,000	0,000	-1,333	0,000	0,333	3,667	
s2	0,000	0,000	0,333	1,000	-1,333	0,333	

------------------------------------------------------------
Gomory Cut 2 added
Basis	x1	x2	s1	s2	g1	g2	RHS
z	0,000	0,000	1,000	0,000	1,000	0,000	41,000	
x2	0,000	1,000	2,333	0,000	-0,333	0,000	2,333	
x1	1,000	0,000	-1,333	0,000	0,333	0,000	3,667	
s2	0,000	0,000	0,333	1,000	-1,333	0,000	0,333	
g2	0,000	0,000	-0,333	0,000	-0,667	1,000	-0,333	

------------------------------------------------------------
Optimal Tableau (after cut)
Basis	x1	x2	s1	s2	g1	g2	RHS
z	0,000	0,000	0,500	0,000	0,000	1,500	40,500	
x2	0,000	1,000	2,500	0,000	0,000	-0,500	2,500	
x1	1,000	0,000	-1,500	0,000	0,000	0,500	3,500	
s2	0,000	0,000	1,000	1,000	0,000	-2,000	1,000	
g1	0,000	0,000	0,500	0,000	1,000	-1,500	0,500	

------------------------------------------------------------
Gomory Cut 3 added
Basis	x1	x2	s1	s2	g1	g2	g3	RHS
z	0,000	0,000	0,500	0,000	0,000	1,500	0,000	40,500	
x2	0,000	1,000	2,500	0,000	0,000	-0,500	0,000	2,500	
x1	1,000	0,000	-1,500	0,000	0,000	0,500	0,000	3,500	
s2	0,000	0,000	1,000	1,000	0,000	-2,000	0,000	1,000	
g1	0,000	0,000	0,500	0,000	1,000	-1,500	0,000	0,500	
g3	0,000	0,000	-0,500	0,000	0,000	-0,500	1,000	-0,500	

------------------------------------------------------------
Final Integer-Optimal Tableau
Basis	x1	x2	s1	s2	g1	g2	g3	RHS
z	0,000	0,000	0,000	0,000	0,000	1,000	1,000	40,000	
x2	0,000	1,000	0,000	0,000	0,000	-3,000	5,000	0,000	
x1	1,000	0,000	0,000	0,000	0,000	2,000	-3,000	5,000	
s2	0,000	0,000	0,000	1,000	0,000	-3,000	2,000	0,000	
g1	0,000	0,000	0,000	0,000	1,000	-2,000	1,000	0,000	
s1	0,000	0,000	1,000	0,000	0,000	1,000	-2,000	1,000	

------------------------------------------------------------
